00110001 00101110 01010011 01110000 01100001 01110010 01101011 01100001


01110011 01110011 01100101 00100000 00110100 00110111 00110000 00110000


11000100 11000100 00111110 01011010 10000001 01110010 01101001 01100011


01101000 00101111 00110010 00101110 01010000 01101111 01110011 01110100


01100010 01100001 01101110 01101011 00100000 00110110 00111001 00110001


00110010 11000100 11000100 00111110 01000010 01100101 01110010 01101110


00101111 00110011 00101110 01010110 01101111 01101100 01101011 01110011


01100010 01100001 01101110 01101011 00100000 00110011 00110111 00110001


00110111 11000100 11000100 00111110 01000111 01100101 01101110 01100110
